HomeGamesNumbersLists & MoreDrawingsWeb ToolsStatisticsTestimonialsLearn MoreLogin
Search RANDOM.ORG
 
True Random Number Service
Random Sequence Generator
Here is your sequence:

 6286
 6651
 9441
 8282
 5309
 1368
 7659
 7638
 7737
 7071
 6828
 8555
 6953
 4430
 2084
 2358
 5638
 3739
 8807
 6653
 6644
 4568
 6797
 1315
 9812
 7307
 3611
 1309
 7427
 8993
 7341
 3796
 5060
 6999
 2621
 6477
 6111
 3599
 1016
 7422
 8991
 6438
 4139
 2171
 2233
 6755
 7936
 6971
 7862
 1897
 3267
 1495
 6046
 4241
 4275
 5101
 1425
 8654
 8805
 7487
 5142
 6068
 9373
 5480
 3787
 4308
 2773
 9428
 3174
 3682
 6910
 4235
 8537
 6515
 3284
 1341
 8691
 2372
 9623
 8156
 1144
 5190
 7157
 4633
 3314
 3214
 4189
 4311
 3929
 6044
 9584
 3873
 7879
 1153
 5930
 2001
 4932
 7950
 3840
 7588
 2043
 1334
 3991
 4694
 4788
 6643
 1420
 7906
 6199
 1493
 6139
 2455
 7629
 3320
 4797
 1438
 6395
 6462
 9740
 6750
 7999
 9162
 6930
 3035
 1175
 1009
 8248
 8039
 1177
 4155
 4346
 9660
 4248
 3874
 4222
 3990
 9265
 9484
 4835
 3336
 1415
 4291
 4666
 8385
 7835
 9692
 3233
 3145
 9016
 9313
 2232
 6766
 3565
 4229
 3538
 5349
 6808
 3784
 1164
 4221
 1718
 7937
 6013
 3472
 9974
 8903
 3018
 9557
 6810
 9566
 8308
 8321
 4537
 3226
 6056
 4930
 9969
 8847
 7465
 7279
 8330
 3274
 8352
 3816
 1647
 8713
 9087
 6468
 2168
 7011
 8978
 4318
 6983
 3835
 3851
 7389
 2140
 2710
 9430
 7805
 5957
 5899
 5314
 2707
 5682
 2427
 2850
 7421
 4173
 8684
 7198
 3900
 3248
 9932
 2253
 8561
 7666
 5847
 3574
 9575
 2340
 4479
 4891
 5779
 8879
 5197
 1929
 8208
 7217
 1054
 4419
 7972
 3648
 7825
 6582
 1659
 1113
 8975
 3432
 3072
 3272
 6075
 2330
 3286
 4280
 4803
 1629
 6350
 8853
 5012
 4818
 1688
 5008
 3063
 2875
 2949
 4298
 7117
 2774
 9986
 3107
 5078
 3190
 7081
 1447
 5805
 6476
 6773
 6895
 2322
 8340
 2627
 6507
 1338
 6049
 7655
 2311
 5041
 2837
 4005
 9569
 2847
 3399
 6109
 2533
 1937
 3271
 4872
 9027
 9021
 3618
 4336
 5464
 1171
 3811
 1090
 9400
 4382
 4842
 7983
 7570
 7674
 8491
 9970
 6009
 1394
 3089
 2598
 2987
 8358
 3665
 1052
 7242
 8302
 9330
 5829
 9185
 2883
 5546
 6265
 1766
 4899
 9368
 1007
 8009
 3837
 6443
 5843
 3658
 3333
 1849
 7079
 5511
 1903
 4759
 2063
 2823
 3775
 9809
 9844
 2114
 6667
 4862
 5883
 7964
 2417
 1151
 4624
 6632
 4790
 2581
 7643
 5740
 6106
 5717
 4152
 4236
 6579
 2130
 5304
 1390
 6536
 4393
 7515
 5548
 1375
 9523
 8608
 2200
 7299
 4641
 6825
 5965
 6584
 7925
 9935
 1345
 4812
 2695
 7398
 4214
 7336
 9329
 6399
 8045
 2332
 5945
 2740
 5310
 3236
 8306
 9564
 8345
 3446
 3883
 9540
 4426
 9443
 7320
 8426
 1335
 6622
 4595
 7627
 5973
 9617
 1675
 4109
 6032
 4260
 9652
 2121
 8047
 1800
 7345
 7122
 1534
 3480
 7048
 4927
 2809
 2490
 7022
 3868
 6956
 7968
 5396
 1964
 2106
 1527
 2556
 6480
 2928
 2560
 5731
 4729
 9404
 6037
 4575
 4522
 8698
 4160
 2862
 8477
 7295
 8920
 2640
 9904
 7302
 5230
 4768
 5183
 2006
 7205
 9007
 5302
 5604
 2661
 4027
 4081
 5341
 6174
 4681
 1946
 1292
 9950
 8717
 5025
 3702
 4176
 7442
 8594
 3746
 3252
 5937
 1104
 8271
 1578
 5474
 1702
 7941
 6255
 1936
 2899
 5448
 3943
 5139
 2034
 1279
 6436
 5741
 8887
 2116
 2636
 6978
 7804
 2762
 8709
 6118
 8568
 7480
 8725
 1068
 9964
 1528
 6522
 3237
 8037
 7873
 5671
 7177
 2697
 7830
 3826
 6242
 6050
 1402
 7672
 6430
 8520
 4068
 3836
 6020
 8020
 4059
 2033
 2608
 2508
 1583
 8881
 1930
 4301
 7894
 9431
 8240
 5595
 9319
 4966
 4421
 9121
 5289
 8677
 2692
 4089
 1143
 1024
 8305
 2050
 7679
 8412
 7082
 9335
 1074
 9978
 5476
 5744
 9412
 2502
 1340
 2811
 1859
 2394
 5447
 9521
 3886
 5870
 8004
 9534
 1203
 5494
 8415
 5942
 1240
 8699
 7769
 4661
 3411
 3925
 9501
 7815
 3774
 8380
 2518
 8868
 9894
 6795
 2982
 6250
 9879
 7237
 8741
 2653
 1960
 7047
 9650
 1582
 6871
 8365
 8942
 7976
 5436
 5568
 2723
 3079
 7582
 3786
 7178
 7863
 2439
 9699
 3414
 8003
 3262
 5492
 5878
 4682
 1958
 7507
 4554
 9604
 7013
 4225
 9851
 3421
 6247
 6394
 6974
 7576
 5487
 8263
 9656
 6927
 4850
 7272
 1233
 2212
 1013
 3156
 1328
 6134
 5961
 6320
 8490
 5272
 6596
 3033
 2948
 4395
 1996
 3953
 1756
 8347
 4606
 4107
 5893
 8773
 8057
 5879
 3557
 5768
 4047
 4988
 1896
 7486
 1713
 9574
 8633
 3979
 1231
 6638
 5336
 4704
 4013
 1308
 1962
 9023
 1000
 3779
 2013
 7881
 1885
 3300
 5330
 7725
 9478
 4569
 4207
 8388
 2306
 5699
 8293
 4459
 7179
 1188
 9475
 2160
 4964
 6496
 2727
 3348
 2976
 4038
 9657
 6666
 7926
 1668
 6691
 3351
 1519
 9685
 1173
 7626
 2344
 7948
 7235
 5084
 5198
 9678
 4622
 2224
 4712
 6902
 6235
 3008
 5450
 6467
 2595
 2268
 3120
 6991
 9848
 8353
 3523
 5718
 7847
 7749
 4270
 5303
 6298
 9245
 2827
 7189
 8909
 4069
 8101
 4004
 4098
 1378
 9326
 7996
 8017
 3030
 2346
 5856
 1769
 5559
 5299
 9786
 7718
 1730
 2946
 9873
 8363
 2462
 8959
 5368
 1524
 9364
 7943
 8823
 4609
 1387
 8963
 1311
 6814
 7144
 4224
 9174
 7956
 1306
 5079
 7381
 1898
 3060
 1286
 3489
 8310
 4470
 4246
 6361
 6149
 2602
 3776
 5653
 6028
 4407
 5138
 8005
 6358
 4144
 5159
 9867
 6817
 7042
 1515
 5960
 8891
 4410
 3636
 9126
 2561
 2163
 3276
 2599
 6116
 7521
 4745
 3206
 6396
 2495
 4742
 7562
 3895
 6038
 7710
 9618
 6630
 3830
 4035
 1186
 6177
 9092
 3180
 9693
 5237
 9196
 7436
 4780
 5584
 1211
 8168
 3677
 7839
 9619
 1481
 7300
 3289
 1966
 1478
 2075
 6948
 9180
 6257
 5766
 7352
 2927
 2858
 5473
 2009
 1886
 2701
 4073
 5148
 9881
 8444
 3382
 7210
 5110
 7975
 4959
 2941
 9531
 7953
 7812
 9611
 4559
 8612
 2856
 9476
 5495
 1775
 5232
 1436
 9673
 4095
 1856
 3902
 9813
 1783
 6030
 2011
 1076
 2817
 9948
 5096
 8488
 1044
 6840
 5527
 2165
 8259
 3322
 3676
 7246
 5089
 3347
 8778
 9167
 9963
 4101
 1014
 6201
 2023
 6279
 3121
 1238
 9262
 4269
 3631
 2401
 6241
 4169
 9104
 3917
 4849
 9525
 4259
 5841
 2712
 9953
 4783
 8636
 6767
 1645
 5399
 2172
 1063
 6371
 4708
 3792
 2459
 5118
 7946
 4316
 7285
 6951
 9885
 5700
 8675
 8721
 8766
 2436
 4151
 1854
 2624
 3765
 6892
 3752
 6308
 8798
 1477
 4756
 5693
 4072
 8703
 1511
 6608
 3713
 5327
 9408
 6100
 9552
 5458
 8211
 1461
 3198
 5004
 5531
 8130
 7014
 6445
 3863
 5833
 2763
 5760
 6326
 9567
 3308
 4014
 9968
 3602
 2398
 6858
 7762
 7557
 8812
 1122
 6047
 3670
 8440
 2469
 2611
 7429
 4390
 3704
 6588
 6864
 8074
 5709
 8711
 5471
 1169
 3391
 8059
 5357
 8125
 5132
 3750
 8603
 6711
 8249
 1445
 6592
 8295
 3332
 6340
 9638
 8078
 3911
 6273
 6318
 5657
 4300
 6297
 1466
 7432
 6213
 8007
 7884
 5892
 7054
 6309
 2641
 2591
 7959
 9273
 6768
 6228
 4010
 3243
 5811
 7401
 7075
 5906
 9843
 5593
 3771
 9792
 9537
 8794
 5836
 7435
 7789
 3541
 9920
 5517
 9870
 7823
 5880
 5000
 5791
 1435
 9128
 9528
 5104
 6891
 7949
 5628
 8694
 6387
 7069
 9732
 2615
 6556
 3015
 8073
 6378
 3000
 6543
 6122
 2537
 7064
 6307
 2352
 8701
 1101
 6660
 6444
 5219
 8469
 3964
 8925
 6442
 2820
 4251
 6800
 6734
 2407
 7571
 3711
 1124
 3957
 5326
 5539
 6695
 9965
 7256
 1470
 4684
 9286
 9624
 1380
 4067
 2159
 9593
 4635
 9999
 4878
 3250
 9057
 5677
 4185
 2580
 9828
 6497
 8165
 3581
 1002
 8117
 5058
 6554
 7977
 7214
 8647
 3558
 2738
 9315
 5835
 2489
 6384
 6770
 1140
 6010
 8938
 6185
 1833
 1792
 6698
 1440
 1648
 7220
 1157
 1765
 6143
 1895
 9096
 2336
 6744
 2635
 8425
 8811
 3732
 5249
 1546
 2922
 3607
 6504
 7893
 4725
 8408
 2468
 7478
 1117
 9945
 7076
 1690
 2781
 6248
 9331
 8138
 9322
 4199
 7706
 5318
 9014
 6266
 7814
 7483
 7913
 9751
 8430
 1050
 4586
 7636
 2572
 8189
 1332
 3265
 9700
 3422
 4234
 5573
 1362
 8076
 4562
 6390
 1137
 5754
 7756
 2764
 7902
 5959
 6164
 2374
 4903
 1541
 9947
 8645
 9248
 6067
 6736
 2199
 7595
 2995
 4985
 6879
 9120
 1625
 7704
 1642
 4050
 3999
 6505
 3696
 9563
 8136
 6601
 3950
 8525
 2474
 4172
 5615
 6162
 6929
 9488
 8689
 4099
 4975
 3972
 7555
 7119
 2361
 8626
 4879
 3663
 9541
 1047
 8888
 6786
 4751
 8400
 6539
 6176
 1819
 3394
 1926
 2035
 3295
 1594
 9743
 4549
 6045
 2215
 2770
 5074
 6908
 9709
 7824
 3806
 5670
 5234
 9796
 5654
 3515
 7135
 2389
 7860
 3546
 5589
 4806
 8809
 5437
 6465
 5434
 9591
 3674
 9980
 8199
 4066
 1088
 7509
 8397
 8109
 6293
 3596
 6906
 3709
 5651
 3385
 1356
 6844
 1081
 4683
 6704
 9895
 4424
 2716
 1166
 1732
 6012
 4833
 9578
 6760
 3869
 1289
 4168
 6525
 7195
 9769
 3905
 4397
 9388
 3112
 8611
 4436
 5454
 6136
 3651
 4550
 4782
 7543
 1598
 7748
 8336
 2012
 8562
 6984
 1801
 7581
 3122
 5220
 9122
 4240
 6425
 7671
 6699
 8122
 1686
 7255
 9421
 4991
 9419
 3898
 9911
 9247
 9204
 7294
 3113
 4094
 7500
 4018
 3085
 2532
 3195
 5427
 9000
 6369
 2456
 5659
 2305
 2903
 5550
 6168
 6627
 4811
 2205
 1221
 6259
 5765
 7639
 9664
 2527
 2379
 2060
 8183
 5627
 9498
 1209
 2182
 6383
 7020
 2404
 1431
 3057
 2993
 4804
 3933
 8389
 1494
 7173
 4881
 3656
 6625
 6092
 6880
 8912
 9179
 4469
 7291
 1434
 1253
 7446
 8571
 8082
 4023
 1779
 6150
 1043
 5837
 3100
 8226
 3001
 2096
 3027
 2270
 2574
 2958
 4188
 8720
 7880
 8539
 1530
 9048
 9161
 6607
 7776
 1115
 5268
 2355
 9512
 5997
 6486
 7060
 9025
 3109
 4230
 8575
 6639
 5746
 9020
 9721
 7240
 5033
 9928
 7780
 6035
 5486
 5485
 2757
 1820
 4309
 2742
 6119
 1972
 9392
 3975
 8614
 1748
 4894
 3227
 4194
 1953
 8092
 4174
 8529
 2203
 6836
 8382
 6598
 2559
 9166
 8016
 1610
 4599
 3016
 1984
 5121
 5785
 8134
 9846
 4138
 3299
 3586
 5907
 4552
 4021
 4133
 1199
 7287
 3562
 2747
 7573
 2807
 5564
 8680
 2573
 2603
 1251
 6069
 2297
 1539
 9830
 7040
 1613
 9671
 4394
 5728
 3918
 6144
 4359
 4034
 5475
 7051
 2801
 2274
 6439
 4984
 1176
 4585
 2440
 6262
 7166
 5165
 7735
 9542
 9632
 9178
 8896
 9026
 7865
 3662
 1864
 3849
 7006
 4873
 1922
 2238
 6806
 6211
 8373
 6193
 5112
 6405
 1666
 4379
 6952
 4279
 9785
 1701
 4476
 1448
 1941
 6325
 4496
 8631
 1229
 3693
 2930
 4182
 4922
 8161
 5900
 8149
 8319
 2477
 2642
 6941
 2539
 1451
 8749
 4019
 5881
 1057
 4916
 6532
 8519
 2310
 6534
 3390
 9003
 1049
 6167
 2485
 6328
 8679
 3249
 9356
 4441
 6133
 2471
 7424
 8678
 7258
 7169
 5014
 9226
 9451
 3760
 7651
 3177
 3569
 8987
 5500
 3108
 7123
 7390
 6924
 6915
 6798
 1324
 4396
 5030
 3655
 9018
 7940
 6110
 8281
 7322
 7700
 7897
 5645
 2985
 4628
 9960
 9585
 8787
 7912
 2300
 9246
 6854
 7388
 3960
 5764
 5737
 1045
 4645
 2571
 8261
 6083
 6312
 7760
 9321
 7819
 3706
 2393
 1075
 9099
 9056
 5761
 4295
 1641
 7127
 8656
 4870
 4381
 1712
 8457
 8376
 1612
 1509
 6647
 6550
 8660
 3302
 7548
 4467
 8921
 9416
 6896
 1848
 2412
 3801
 4233
 6268
 3797
 2909
 5565
 1791
 1750
 4851
 6530
 5316
 7878
 2242
 4510
 7750
 2036
 8849
 1126
 1480
 3768
 9683
 9148
 9336
 7364
 4031
 3491
 2150
 1416
 7028
 2326
 7707
 1597
 6873
 2848
 4348
 2493
 8674
 7771
 6577
 2553
 1343
 1482
 8961
 5106
 7234
 8006
 4415
 7816
 7114
 3337
 9076
 4471
 6885
 5006
 3083
 5348
 7280
 2387
 2629
 2301
 5392
 4640
 1496
 5238
 7564
 6418
 9713
 1426
 9298
 4204
 2769
 5111
 7106
 8733
 1857
 6224
 5028
 6017
 5333
 1128
 6214
 6053
 9424
 5594
 1877
 2086
 9254
 3952
 9981
 4145
 8048
 7296
 4677
 5504
 6200
 5424
 5998
 7402
 1060
 8139
 4353
 4146
 4852
 7844
 9612
 9235
 5681
 5347
 6962
 8840
 1559
 5352
 3330
 1619
 2170
 9868
 4540
 8613
 7009
 1523
 9050
 6781
 6662
 4938
 5440
 9307
 9637
 8646
 9272
 2107
 2313
 1662
 3606
 5925
 1863
 7958
 9380
 5202
 3309
 2933
 1218
 4654
 4676
 4764
 1826
 9859
 5558
 7645
 4580
 1658
 6080
 7901
 3958
 1942
 7511
 3130
 1388
 5886
 7604
 1473
 1858
 1706
 8804
 8564
 8814
 1968
 8621
 1853
 1099
 1367
 5992
 1374
 1361
 6356
 4608
 1555
 3260
 8416
 1995
 9110
 6612
 4406
 5623
 4268
 8112
 9780
 2491
 9346
 3050
 2582
 4166
 7457
 7574
 1608
 6373
 7726
 3757
 5240
 6217
 9137
 1458
 6233
 8774
 3984
 2169
 2515
 5572
 8800
 5860
 5796
 7982
 1617
 7702
 3537
 2780
 8760
 7703
 7359
 3736
 5169
 6679
 3756
 6148
 7589
 4632
 4741
 2979
 9998
 9733
 3230
 2494
 7351
 8765
 5383
 6489
 8992
 3646
 7965
 3589
 5439
 7482
 6065
 3002
 8243
 5556
 8021
 6648
 6021
 6357
 8390
 1710
 2007
 8875
 5708
 9491
 5416
 7143
 8071
 9372
 6269
 2120
 9022
 6330
 6406
 3948
 4187
 7266
 2722
 1822
 5890
 2227
 6945
 1098
 5977
 6548
 4629
 1348
 5452
 9737
 6669
 2720
 2196
 7649
 1921
 2486
 2496
 8455
 3455
 1187
 8874
 1925
 6545
 4252
 2397
 7929
 6897
 4167
 2771
 3368
 3931
 2095
 1326
 1729
 1601
 5649
 3118
 3962
 1574
 1745
 8446
 4642
 5514
 1974
 3503
 4637
 4808
 1928
 4075
 1239
 1661
 6620
 8692
 9777
 8620
 4347
 9837
 3419
 6498
 3988
 6959
 4250
 6675
 3256
 1290
 6801
 8485
 2505
 1310
 2901
 4836
 3397
 1971
 8910
 8432
 7942
 1703
 2956
 1467
 7344
 3246
 7904
 9255
 6415
 8499
 9006
 4324
 4056
 6481
 7477
 7724
 9799
 4070
 5334
 9547
 1035
 2392
 8181
 3887
 4517
 3373
 3814
 3590
 3858
 6041
 8898
 3880
 7955
 4472
 9653
 3834
 2465
 9590
 1197
 2316
 8484
 3652
 6837
 5189
 5072
 1036
 2307
 3392
 5509
 8988
 2369
 7473
 9502
 4912
 9706
 3184
 8417
 4895
 1548
 7405
 7236
 8110
 4690
 8351
 7811
 8981
 6917
 1767
 2841
 8657
 4590
 3910
 4767
 8742
 8936
 4287
 7501
 8341
 2544
 1282
 3906
 4037
 2682
 1908
 4342
 9084
 3716
 8652
 9393
 8075
 1444
 2371
 8498
 2790
 1965
 1034
 7361
 8080
 7290
 4216
 6564
 6313
 9538
 8234
 8238
 1957
 5498
 9035
 7871
 7890
 9939
 5362
 4929
 1603
 5388
 1263
 4310
 3876
 4574
 3847
 5451
 1624
 9791
 5468
 7766
 5924
 3479
 1443
 2657
 2992
 3744
 6659
 7615
 4584
 8166
 5954
 5478
 8126
 8627
 7759
 9083
 5694
 2623
 9289
 6830
 5213
 2118
 6166
 5984
 5966
 2542
 4239
 7253
 4335
 4799
 1787
 3942
 8398
 6403
 7440
 8467
 5620
 4484
 6416
 6397
 9645
 1770
 5196
 9213
 6113
 9586
 7397
 8817
 9907
 2052
 2683
 5422
 9327
 3705
 9054
 5664
 3127
 8034
 6758
 3552
 2147
 6421
 7652
 3162
 4057
 4753
 7874
 3850
 6502
 1051
 2810
 2362
 4874
 2583
 7613
10000
 5034
 1676
 4265
 4338
 7908
 5010
 7245
 6471
 6372
 7610
 9814
 5632
 5265
 3549
 5647
 5772
 2450
 6901
 8471
 7128
 8422
 7275
 3720
 1728
 3684
 1259
 7030
 5871
 3534
 7857
 7653
 4330
 4356
 8459
 7469
 3825
 4501
 6051
 2386
 6417
 8083
 1992
 4714
 3429
 2179
 6315
 9353
 1077
 9114
 9956
 1692
 3213
 1468
 3734
 1622
 2725
 3615
 9370
 3369
 7499
 2874
 4400
 6091
 3386
 9755
 4908
 2967
 8719
 9311
 6503
 3235
 2501
 9764
 8559
 3398
 8290
 4388
 8560
 2739
 1720
 4457
 5253
 1200
 7444
 3888
 2619
 1852
 6145
 4558
 2104
 8364
 8464
 6043
 9608
 1746
 3199
 2428
 7094
 5273
 5525
 7472
 7593
 8702
 7019
 1373
 8151
 2861
 4535
 9200
 1321
 1274
 4130
 1346
 8132
 9908
 8824
 9758
 3327
 6229
 1777
 7714
 4546
 3416
 5438
 6656
 4656
 3715
 4313
 4432
 4776
 1572
 1246
 9511
 9559
 3630
 2939
 1809
 5380
 8957
 8965
 5797
 5867
 6147
 5293
 6872
 7498
 5981
 5985
 5270
 9366
 2926
 8200
 9714
 2728
 8591
 5661
 3482
 3431
 7056
 4844
 9746
 6668
 4528
 1743
 7305
 5786
 9079
 3356
 6690
 6997
 9317
 2650
 9729
 1536
 5922
 1193
 2620
 7497
 6843
 2696
 3645
 4968
 5506
 5065
 6267
 5857
 9627
 5613
 4354
 9193
 9011
 2208
 3445
 9862
 1740
 6578
 6400
 4781
 5541
 4261
 4000
 5463
 8424
 1359
 1717
 3468
 5970
 8554
 5859
 3919
 5491
 8839
 2749
 9417
 4700
 2804
 1329
 4713
 6677
 5530
 2999
 1651
 4863
 5839
 8583
 1696
 7910
 4853
 1405
 3454
 3627
 3022
 4254
 4384
 6407
 7667
 3585
 8128
 2373
 8235
 6742
 1333
 8143
 5059
 4244
 6731
 9882
 7332
 5378
 6031
 5297
 2207
 7792
 3698
 3483
 5581
 6506
 3354
 7001
 7131
 6566
 4119
 7952
 5825
 4735
 9398
 8856
 2975
 3815
 9735
 6730
 6249
 2977
 2280
 3270
 9299
 2337
 3947
 5773
 3367
 2703
 2708
 3278
 1342
 7138
 5586
 1012
 5964
 4220
 7755
 3003
 9926
 3700
 6245
 5053
 3471
 1566
 2016
 4953
 6521
 8783
 4276
 4900
 4801
 1377
 8043
 7232
 9339
 8277
 3753
 7039
 7985
 4450
 5462
 5285
 6081
 5085
 5433
 1020
 5705
 5465
 8395
 2507
 5983
 8150
 1577
 6376
 8770
 2454
 6304
 1172
 5917
 5611
 4678
 2869
 2154
 8120
 8436
 5337
 6575
 4882
 7360
 9340
 8644
 1418
 4758
 7795
 1404
 9002
 9386
 7783
 7348
 5887
 6743
 6487
 4058
 6291
 3927
 5446
 5577
 7264
 7713
 6155
 1206
 9770
 5255
 8222
 8553
 3142
 9093
 8111
 8803
 4078
 4123
 9568
 2279
 6196
 3629
 9355
 7026
 5445
 7851
 9829
 4314
 4445
 8586
 6849
 1914
 4555
 2876
 5652
 2458
 4718
 9374
 5503
 7250
 1422
 9432
 6569
 9249
 6347
 6986
 9923
 2376
 2214
 8054
 4126
 5579
 7695
 1982
 6826
 3544
 3292
 3996
 6151
 3020
 8052
 6512
 2568
 2415
 6856
 9271
 4828
 3318
 4721
 6311
 9912
 5467
 6960
 3688
 9258
 7213
 3115
 8513
 5082
 8736
 8091
 2517
 7070
 6089
 2669
 9684
 6000
 2606
 7914
 3531
 5344
 2067
 7656
 2704
 4685
 5726
 5980
 2584
 5616
 3129
 3579
 5038
 4362
 3893
 9776
 5722
 2567
 8062
 9106
 1230
 9892
 3928
 6943
 9686
 3134
 7002
 3277
 7883
 9753
 8502
 8662
 1250
 9930
 7514
 4048
 3691
 8325
 1785
 6658
 4971
 4508
 3822
 4085
 2413
 1674
 6718
 8743
 1273
 4815
 1889
 4462
 3316
 7148
 2492
 2318
 4867
 9279
 8973
 9545
 7923
 9063
 7722
 8941
 5533
 2478
 7425
 2550
 3817
 7510
 3616
 1839
 6705
 5107
 2221
 4544
 6007
 1331
 8239
 7400
 3200
 6422
 9979
 9182
 2189
 6209
 8731
 1182
 5408
 3393
 3131
 7142
 8848
 8708
 4297
 3371
 7715
 8031
 6832
 4079
 7900
 4474
 7316
 8643
 2064
 1557
 5036
 2681
 9357
 5157
 6585
 2406
 6717
 7267
 9878
 4030
 8838
 7091
 8792
 6790
 2950
 3451
 9943
 4349
 1751
 6210
 9955
 3014
 4341
 1489
 1726
 1038
 4827
 7334
 6603
 2277
 3339
 2241
 9610
 3812
 9170
 6721
 6963
 1456
 2955
 2604
 6696
 4044
 9941
 5459
 4705
 1835
 2589
 5204
 5969
 5874
 7120
 1216
 4857
 5130
 7728
 6749
 9144
 4945
 9992
 3172
 5145
 9823
 9320
 9085
 4403
 8933
 7233
 1919
 4674
 7222
 1788
 4943
 9595
 7260
 3828
 5179
 4679
 7194
 2984
 3522
 9072
 7044
 5634
 1840
 9136
 8858
 1008
 2569
 3740
 8566
 6095
 8510
 2071
 5600
 8579
 5788
 5174
 8582
 1947
 5912
 4749
 7493
 6099
 5852
 3110
 5724
 6402
 7491
 2889
 3981
 3708
 4493
 5641
 4946
 2148
 3306
 8979
 2666
 3983
 5995
 9051
 5821
 9984
 3846
 4026
 6903
 6710
 6107
 5203
 5723
 6867
 5279
 8960
 1876
 6388
 5601
 4412
 4551
 8524
 1498
 9263
 8190
 5098
 2216
 4063
 3743
 3259
 9551
 8270
 8995
 8820
 6440
 2334
 2880
 7411
 1847
 6694
 9558
 2020
 7192
 2434
 3021
 2964
 6988
 1782
 1406
 2715
 7227
 8842
 5024
 4411
 1147
 3353
 7160
 3466
 7467
 6823
 5307
 5322
 9038
 4179
 8854
 4352
 4289
 3526
 2886
 1560
 3484
 2755
 1398
 3205
 2724
 2082
 8207
 8976
 7196
 3904
 8013
 2119
 5248
 3449
 6377
 3383
 5162
 6875
 6392
 1237
 1525
 8967
 9577
 8316
 8735
 7730
 5800
 5864
 8877
 9903
 1337
 1828
 2042
 9448
 3026
 8084
 7358
 7407
 1217
 2103
 2138
 1807
 6333
 2433
 3741
 4634
 6655
 1508
 4045
 5086
 8821
 1704
 7981
 4933
 8244
 2139
 6771
 1784
 9763
 3123
 7451
 3625
 2731
 8508
 7303
 3955
 5567
 1270
 7933
 9533
 9651
 3157
 5943
 5570
 3547
 9897
 8595
 9224
 6329
 9996
 9718
 5614
 6932
 4814
 7317
 2931
 4600
 4880
 2590
 2460
 3584
 6561
 8102
 1110
 9124
 2805
 8010
 9414
 7031
 6281
 8171
 4813
 7516
 4614
 3304
 2843
 6926
 4454
 7392
 6728
 7551
 9309
 5188
 4115
 5725
 2788
 5882
 9949
 2547
 7367
 6223
 5346
 8686
 6039
 1810
 6776
 9436
 4994
 8776
 4256
 4425
 7146
 9462
 6450
 8998
 1627
 2529
 1719
 5225
 7226
 7673
 9480
 1520
 2891
 6572
 3406
 9291
 8137
 6490
 5934
 4532
 2097
 8334
 5716
 6240
 2783
 3049
 5355
 6338
 3603
 9467
 7215
 7313
 7225
 3066
 9772
 9378
 7340
 3281
 3513
 5618
 4074
 4114
 4093
 7886
 6501
 7751
 5181
 6934
 9442
 6527
 7895
 1570
 3365
 5686
 7541
 3031
 7170
 5643
 8878
 5484
 5477
 5339
 1609
 3649
 3197
 2235
 1271
 7536
 1693
 9707
 1565
 9252
 8472
 4726
 5668
 8668
 3998
 5521
 3473
 9795
 6461
 2593
 2004
 8369
 7774
 6715
 9734
 1866
 3222
 1875
 4422
 4691
 5526
 3010
 1970
 1026
 5769
 3370
 1006
 3215
 2262
 8434
 7207
 8242
 4001
 8548
 9164
 9571
 9614
 5915
 5251
 3201
 3244
 9942
 8728
 8666
 8489
 8182
 6537
 6812
 3841
 9546
 6212
 6469
 1552
 1814
 6204
 1999
 5497
 6024
 1278
 9883
 4680
 4603
 3496
 6499
 5801
 4786
 7711
 6491
 8066
 1457
 6708
 9789
 8496
 9506
 3879
 8769
 2149
 1993
 7623
 7017
 7072
 6848
 7809
 7660
 2047
 7121
 8405
 5861
 8178
 8322
 2625
 8602
 8184
 4015
 5921
 4065
 9268
 1119
 6314
 6824
 8367
 9143
 8914
 4183
 6366
 3078
 1092
 2821
 5403
 9312
 2368
 5152
 1103
 1639
 2853
 9602
 6205
 6763
 4989
 8835
 8517
 9625
 8729
 4701
 9644
 3437
 5872
 6740
 8284
 9029
 4675
 2441
 7107
 1452
 8784
 7468
 4017
 8506
 8628
 7721
 7854
 3285
 7736
 3135
 5048
 9207
 7063
 9379
 5858
 9658
 5469
 9842
 9831
 8747
 8480
 9460
 4693
 6288
 2263
 8802
 9059
 1845
 4402
 3800
 8599
 7087
 5551
 4025
 6104
 9445
 6562
 6815
 4337
 9834
 2290
 7608
 5283
 6546
 5910
 7580
 4709
 5928
 8173
 5706
 1899
 9989
 1301
 3196
 1836
 5252
 5470
 8538
 3533
 5134
 8431
 2961
 2188
 1091
 7410
 9239
 6939
 9553
 7416
 9127
 6646
 5224
 2294
 9082
 5115
 1214
 7513
 3463
 7263
 9995
 2328
 8737
 9570
 2884
 9922
 2506
 9676
 4906
 4274
 9715
 4593
 5730
 8634
 3737
 5823
 3116
 1986
 6881
 9901
 7314
 7110
 1669
 1943
 6980
 7625
 5507
 8209
 6483
 1681
 2375
 7212
 4368
 9730
 9202
 7391
 9985
 9228
 5877
 1139
 1838
 5331
 8911
 9616
 9550
 6424
 5338
 6433
 7203
 1805
 7306
 3241
 9646
 9874
 1920
 6616
 9847
 5603
 6128
 4897
 9216
 1256
 8272
 3450
 6634
 8051
 3772
 7438
 5257
 1684
 7632
 1587
 6697
 7575
 6006
 1412
 6911
 6839
 3178
 3221
 4736
 8038
 7808
 4805
 1382
 3029
 7826
 1564
 5306
 9643
 4820
 9034
 6222
 2135
 8191
 6937
 4134
 2367
 9125
 9316
 1248
 1764
 5780
 9360
 3283
 3970
 9944
 8974
 1905
 5963
 7368
 3550
 4830
 5009
 4937
 9045
 7181
 7078
 7797
 7754
 8176
 3763
 3457
 8785
 8096
 3992
 2449
 8816
 6541
 3352
 4822
 3661
 8704
 2694
 7116
 5554
 4623
 3268
 6741
 7688
 3844
 8610
 5927
 4292
 5097
 7043
 6485
 1226
 5692
 7898
 6202
 1133
 8147
 2446
 9933
 8844
 9919
 6785
 4699
 4855
 1721
 7746
 6460
 2986
 6023
 9726
 6820
 2996
 8638
 9987
 8040
 8328
 2129
 8966
 2670
 6280
 5064
 1977
 5919
 2056
 8449
 7309
 7743
 4120
 5635
 2349
 8919
 9159
 5544
 9808
 6652
 1604
 4490
 9530
 3459
 6593
 7772
 7221
 9078
 7870
 7458
 2186
 2735
 4757
 2690
 4936
 4317
 5580
 2002
 8475
 3556
 3058
 8832
 9781
 9141
 3923
 6904
 6969
 1811
 6940
 9961
 4856
 8279
 2015
 2155
 5742
 9940
 6831
 7850
 3542
 2631
 5071
 5261
 6884
 3641
 2123
 4437
 4589
 7801
 6788
 4131
 2202
 5939
 6739
 4312
 3140
 1500
 8718
 8103
 1423
 8980
 6146
 4892
 5187
 3995
 5524
 6674
 2213
 4846
 7739
 7567
 1543
 2230
 5371
 2451
 5227
 8361
 2588
 2852
 1818
 3095
 7637
 3654
 9489
 8056
 6055
 1149
 1631
 2543
 1933
 4191
 2081
 6482
 8127
 8451
 2519
 1529
 1111
 2353
 5767
 8453
 3105
 4518
 5411
 8018
 2137
 6203
 3423
 6640
 2487
 5762
 6033
 9297
 4839
 5154
 5155
 4505
 4823
 5665
 8565
 4868
 3639
 6868
 7337
 4147
 5908
 8845
 8318
 8962
 3861
 3632
 6533
 1155
 3150
 7699
 6748
 9359
 5933
 3075
 1537
 2651
 6654
 1106
 6657
 4711
 3788
 6263
 8225
 2865
 4934
 5023
 2693
 1556
 1646
 5180
 6807
 3945
 1264
 3725
 6458
 6275
 1392
 2292
 7145
 8081
 9256
 7113
 4647
 1287
 6973
 2978
 2633
 4563
 9946
 8177
 4108
 6649
 3580
 4948
 1988
 8061
 8313
 5831
 9115
 7687
 8892
 2545
 5021
 2069
 7277
 6220
 9173
 6137
 1762
 3764
 1778
 7204
 5938
 6321
 4006
 2585
 3464
 4810
 3341
 4865
 6492
 1628
 1980
 1407
 7990
 9522
 6190
 1650
 5951
 3505
 3305
 2237
 9532
 2663
 7694
 1235
 5656
 7915
 8503
 2504
 5195
 9361
 8590
 3275
 7594
 3600
 8712
 7841
 7987
 4604
 2866
 3567
 6208
 2644
 1262
 9223
 2718
 2384
 6086
 3733
 4838
 4553
 7540
 6074
 7505
 8863
 5294
 7141
 8932
 7349
 3785
 4615
 5210
 1165
 7036
 5914
 4986
 5215
 8163
 9579
 5810
 2267
 8983
 5850
 9270
 3099
 7525
 4777
 6684
 8777
 9679
 7832
 7282
 8371
 1644
 2802
 3820
 8359
 6085
 2936
 8356
 4512
 8160
 1349
 5757
 8690
 7025
 8423
 2881
 9067
 4754
 9854
 5287
 3667
 1842
 3759
 7727
 8381
 6946
 6428
 8478
 1202
 6364
 2777
 2902
 4958
 5386
 1065
 6609
 7273
 1492
 6374
 6253
 3477
 6342
 9722
 6052
 3940
 6996
 6990
 4509
 3153
 8528
 9375
 6919
 7312
 7970
 9954
 9172
 1030
 3435
 3640
 8460
 6727
 9720
 1207
 1881
 1298
 2851
 9539
 8159
 1219
 3185
 2285
 4864
 2032
 6484
 1215
 7852
 9621
 2065
 8441
 8377
 9183
 5499
 7506
 8260
 7723
 7325
 3610
 9508
 9869
 9396
 9146
 5920
 4486
 2685
 1183
 5275
 9070
 2359
 4331
 2445
 4657
 6804
 5046
 6252
 7152
 2014
 1385
 9810
 8902
 6676
 3789
 1623
 4566
 7244
 8542
 7597
 3444
 4774
 3441
 4286
 8985
 2341
 2308
 8722
 5122
 3087
 7628
 2499
 8775
 8789
 6725
 4618
 5868
 8014
 7583
 6354
 1190
 5068
 9773
 7731
 5244
 1070
 4541
 6754
 3793
 6410
 4798
 6726
 2719
 1870
 9350
 9648
 9471
 9102
 6604
 9130
 1181
 8454
 5830
 9176
 1194
 5815
 1868
 6624
 7587
 3064
 3148
 8145
 7492
 1513
 7109
 6365
 6853
 3604
 4116
 2857
 2675
 8067
 8483
 2536
 4650
 8977
 7684
 3311
 6339
 5679
 6706
 2705
 2414
 7971
 9049
 9554
 1685
 5994
 6968
 4277
 7662
 9458
 8093
 3447
 5824
 7183
 8944
 3723
 4036
 6042
 9504
 3317
 1067
 5172
 4979
 1531
 3790
 3712
 5759
 4720
 8549
 5955
 7791
 1904
 1354
 6160
 2314
 9282
 7698
 1454
 5366
 8972
 4076
 5518
 4607
 8577
 1208
 4920
 6745
 6363
 3395
 7601
 9160
 7503
 7993
 8641
 8518
 2700
 5999
 1637
 8494
 7834
 6060
 1107
 6610
 7663
 8893
 9214
 8908
 4385
 3239
 6912
 9840
 2526
 7892
 2195
 3727
 5743
 4429
 2003
 5020
 4087
 4939
 4883
 9573
 8224
 9377
 5295
 9394
 8935
 9561
 1951
 4008
 1883
 1146
 1459
 5444
 7050
 7831
 4664
 4105
 8187
 5644
 5113
 8748
 8462
 3081
 3719
 3004
 8118
 8846
 1029
 9090
 9821
 2269
 8723
 2643
 1994
 7041
 5140
 7554
 5093
 3334
 8108
 4483
 2442
 7966
 8642
 8348
 6115
 6475
 7578
 7786
 9363
 6156
 8070
 4007
 9470
 2342
 6206
 1727
 3794
 6059
 2824
 5608
 1419
 4211
 1400
 5305
 4392
 5739
 4118
 1841
 8808
 3872
 8886
 6135
 8497
 1446
 5218
 2158
 4885
 2974
 7269
 1389
 1739
 6713
 3253
 4449
 4905
 9405
 8413
 7621
 4531
 4475
 3679
 5019
 4129
 1580
 3583
 9308
 4054
 2312
 1825
 1479
 4581
 9073
 8001
 6789
 9266
 3593
 7096
 8186
 3499
 4358
 2236
 3573
 8860
 3045
 6251
 5655
 1910
 4944
 9914
 2218
 3412
 6883
 1963
 4689
 1680
 8671
 9081
 8939
 9060
 6866
 1268
 9338
 2204
 9077
 3985
 8286
 8146
 8672
 7650
 1744
 3137
 5972
 3069
 3475
 6126
 8990
 8734
 1073
 6558
 6289
 1462
 8676
 1255
 5123
 4638
 2467
 5794
 1722
 6479
 4106
 6287
 3921
 5587
 3363
 3605
 7038
 3025
 8871
 4492
 6412
 2298
 5276
 6869
 5395
 8032
 8759
 9420
 1366
 7669
 2905
 7406
 8531
 1691
 8273
 6764
 4560
 4602
 2638
 4534
 4413
 6062
 1521
 8435
 6186
 1195
 7767
 4778
 7542
 9237
 9890
 1381
 1890
 5428
 7338
 2732
 2713
 8055
 2578
 6703
 3974
 2051
 1096
 2893
 1796
 3404
 8236
 6141
 3053
 8556
 5690
 9864
 6351
 6474
 1902
 8826
 1901
 2882
 9429
 4591
 1132
 7333
 2842
 6523
 3659
 5685
 1316
 6175
 1158
 5415
 9354
 3885
 6821
 7607
 1652
 3462
 9728
 3896
 5790
 7278
 1588
 8164
 4364
 6909
 2226
 2971
 8834
 9171
 2231
 1803
 9820
 9835
 2024
 8315
 5455
 7732
 6243
 4086
 7476
 1080
 6511
 7855
 1585
 2127
 6528
 9902
 5592
 8406
 5574
 3635
 3490
 8767
 2609
 1757
 2648
 4238
 1464
 4982
 7016
 1817
 1085
 5044
 1678
 6967
 6551
 3478
 5896
 1210
 1672
 7611
 3791
 6517
 5560
 5522
 6225
 3954
 6381
 8791
 6386
 3384
 9705
 1243
 5263
 6127
 1878
 6693
 4762
 5235
 4734
 6563
 1227
 9535
 3263
 1145
 5003
 9938
 8332
 6893
 6636
 3664
 8152
 5571
 8550
 7802
 9047
 1956
 7186
 5269
 8762
 5598
 7577
 5626
 5051
 4097
 1488
 8822
 2662
 4506
 2812
 3380
 8154
 2782
 1724
 4192
 2174
 9636
 9227
 4995
 5317
 3303
 8681
 1483
 6398
 9426
 8350
 8216
 4360
 2741
 1932
 2761
 6752
 6779
 8026
 9191
 7917
 6353
 8576
 8724
 8486
 4061
 5376
 2652
 1066
 2293
 5363
 6723
 2194
 7362
 6323
 3488
 2943
 6316
 7558
 8551
 8873
 7004
 8968
 4391
 7561
 7664
 8639
 5862
 7742
 1121
 6027
 7829
 1439
 6898
 8682
 5015
 9466
 3864
 1707
 9806
 6600
 7080
 9194
 7840
 3396
 9134
 6004
 7459
 1967
 3167
 2457
 8420
 1948
 4875
 1408
 8771
 1802
 8445
 7343
 5721
 1913
 7827
 6753
 6992
 7701
 4533
 5011
 1317
 4485
 4153
 7055
 3218
 4904
 3138
 1236
 2080
 6792
 9276
 4377
 5109
 2239
 2102
 2806
 5264
 5291
 4598
 4446
 8329
 5950
 9041
 7744
 4154
 3486
 7387
 7752
 5311
 1917
 8162
 6163
 3912
 4142
 9192
 7544
 4854
 3228
 5373
 5052
 8097
 3507
 7383
 2530
 3092
 9147
 4209
 6890
 9596
 2115
 8142
 7357
 8030
 9033
 5888
 2470
 9717
 2528
 2087
 4652
 8476
 3597
 2028
 5177
 1072
 9135
 4255
 1294
 5182
 3504
 5505
 6874
 6303
 4821
 3767
 5637
 6928
 5875
 1709
 3024
 5978
 8473
 4267
 5549
 3935
 9649
 6495
 7979
 9267
 3692
 9318
 5936
 7646
 8314
 4514
 1656
 1017
 2794
 5701
 5747
 9647
 1715
 5417
 2754
 1391
 2520
 4744
 3426
 5047
 3726
 3247
 9494
 1004
 8895
 2000
 9465
 2365
 1596
 7764
 9383
 9794
 3361
 6123
 1742
 5007
 6198
 6188
 5853
 2962
 6947
 8885
 6819
 6524
 4121
 4351
 8865
 5136
 7363
 6567
 7193
 4180
 2125
 4954
 5267
 8926
 8278
 8193
 5777
 1319
 5642
 6923
 1733
 6977
 8955
 4940
 3413
 5321
 8212
 8307
 1705
 8185
 9666
 2737
 7838
 3181
 4877
 4124
 9138
 4829
 4418
 6191
 4993
 8827
 3154
 8404
 7889
 8094
 2601
 1300
 5748
 9169
 4448
 8025
 4423
 2072
 1716
 8750
 6716
 9514
 2395
 8465
 9768
 4282
 8210
 1053
 7931
 6370
 1453
 8624
 8521
 9071
 1430
 4779
 8383
 7794
 8918
 5223
 7508
 8378
 1336
 5418
 5817
 2317
 7828
 2410
 9565
 6411
 7073
 7061
 1774
 1823
 4611
 8753
 5834
 1225
 2744
 2531
 9151
 1590
 6470
 3856
 1795
 2558
 2934
 6687
 1339
 5315
 7355
 4141
 1737
 8864
 2942
 4218
 8141
 8049
 2908
 3936
 3824
 5128
 7027
 1178
 7371
 4132
 8012
 1093
 3678
 4002
 6076
 3255
 3592
 6560
 6689
 7066
 6982
 1611
 5081
 7988
 3845
 2913
 6685
 8884
 1879
 7631
 8419
 6645
 1514
 1307
 8291
 4245
 9749
 9257
 5982
 9010
 8511
 4366
 7271
 8780
 9469
 9824
 5695
 3506
 3139
 3287
 2400
 6108
 6159
 1562
 4326
 6284
 8204
 2264
 7585
 8786
 9880
 9089
 8867
 3288
 8203
 4283
 9001
 9906
 5687
 7154
 5712
 4951
 8427
 9129
 6863
 7370
 4161
 2983
 7920
 9924
 8651
 9642
 8089
 3842
 6757
 8710
 7539
 3407
 2420
 7630
 2945
 8326
 7784
 2634
 3621
 7590
 2421
 7413
 8368
 7190
 7163
 8505
 2411
 8527
 9615
 1503
 7549
 9328
 4888
 7545
 4321
 1130
 9105
 5606
 5770
 4482
 3046
 6071
 6899
 9181
 6732
 4931
 5258
 6637
 3884
 2385
 3264
 4263
 6448
 4743
 7101
 9503
 3362
 3220
 1160
 7654
 1192
 1283
 7600
 1640
 3833
 7428
 2698
 1413
 2315
 9293
 1755
 9690
 9483
 5703
 9425
 4843
 4096
 7140
 8233
 2554
 6142
 4524
 4748
 6082
 6852
 6088
 1167
 1510
 9486
 1579
 2808
 5660
 8196
 7614
 8989
 6207
 6900
 8790
 9406
 3440
 3211
 4800
 1393
 3076
 4858
 4285
 4113
 3781
 9793
 8570
 4502
 7935
 8106
 7132
 3903
 9639
 1924
 8819
 8354
 3124
 5147
 9438
 3217
 4769
 5281
 1888
 8251
 7049
 7453
 8283
 4092
 8757
 5729
 4724
 6472
 7404
 1189
 7907
 6073
 7591
 9599
 2779
 5391
 3637
 8659
 6769
 9043
 9065
 7821
 8705
 1108
 8458
 3047
 7969
 8781
 5607
 1100
 7443
 6811
 2514
 9019
 9689
 6580
 9745
 9757
 7833
 6322
 2775
 4202
 2863
 4587
 1780
 6231
 7911
 2796
 1753
 2877
 9771
 5358
 1600
 2134
 6964
 5124
 3375
 8740
 2461
 2864
 7000
 2822
 6565
 5099
 9345
 6058
 8673
 9243
 2046
 9107
 6432
 7579
 6001
 7535
 6097
 5987
 5816
 1037
 9710
 9232
 5066
 1497
 8687
 6194
 2030
 1032
 4740
 5935
 4237
 5940
 9456
 2053
 3349
 8297
 2481
 5707
 5552
 4164
 7252
 3577
 8131
 3037
 1981
 5211
 7433
 4340
 6965
 9449
 3938
 9872
 8107
 2910
 8870
 8396
 8116
 1575
 8252
 5367
 4043
 3194
 1952
 9669
 3023
 4961
 8763
 2244
 4435
 4334
 7208
 9738
 3742
 9261
 2816
 4495
 2131
 6025
 9131
 5808
 6066
 3084
 6813
 4196
 7133
 1799
 6590
 5479
 8443
 2062
 3343
 7572
 7568
 5542
 1798
 5916
 4765
 9461
 9739
 2752
 5658
 7129
 6367
 3291
 9778
 7156
 5379
 8024
 5369
 7984
 3978
 7676
 9626
 5312
 6925
 2759
 8256
 5490
 2145
 6845
 8357
 9921
 3357
 2282
 6876
 2674
 9294
 1938
 7035
 5947
 4775
 9816
 8664
 5596
 4477
 5102
 8999
 4103
 3697
 8536
 5370
 8129
 9324
 6101
 2073
 8969
 7475
 7077
 9640
 1078
 5605
 7994
 3653
 7741
 6751
 8254
 5873
 3582
 5547
 8928
 5662
 5456
 2513
 1540
 4914
 9526
 4831
 5151
 7239
 6026
 4695
 3054
 6157
 7441
 3628
 8558
 3865
 2225
 5612
 5697
 8342
 5425
 5493
 9993
 7807
 4039
 9347
 5630
 7074
 2497
 7779
 2628
 1042
 1813
 4084
 1168
 8940
 7616
 8727
 5320
 8761
 2259
 7609
 9274
 9241
 7960
 8547
 4612
 1201
 2833
 8201
 8063
 2973
 3805
 4328
 7003
 2078
 4837
 2350
 1001
 1039
 1191
 1472
 6526
 4992
 8625
 9893
 4042
 9397
 9803
 2659
 2190
 9395
 8617
 9259
 8509
 8637
 9766
 8463
 2266
 6594
 8175
 7456
 4398
 1358
 6120
 4807
 7084
 8755
 6570
 8262
 3622
 6733
 1427
 7675
 4371
 6218
 1665
 6254
 6574
 6359
 9668
 9524
 2162
 7450
 8825
 5325
 6761
 3755
 2947
 5802
 4052
 8501
 7747
 9779
 2803
 6014
 9004
 1797
 8535
 8221
 9453
 7563
 7729
 9433
 4817
 1985
 6597
 2836
 4785
 3963
 5313
 9390
 2594
 3061
 2187
 9988
 8829
 5160
 8303
 3456
 3141
 8407
 7010
 4135
 9197
 5855
 5555
 3890
 7717
 9190
 1105
 2592
 4409
 1364
 6586
 9024
 2257
 1223
 3043
 7328
 5979
 5300
 3096
 5245
 1768
 1568
 3855
 3056
 3225
 5381
 3467
 7620
 2577
 9607
 7254
 4893
 4539
 1079
 9682
 8268
 2684
 8917
 9517
 5798
 1869
 1487
 8493
 8601
 6846
 4649
 8299
 6916
 8997
 2896
 7350
 7374
 4706
 7770
 8035
 4399
 3897
 6435
 4519
 1595
 9040
 5043
 4760
 3307
 5512
 2243
 1829
 3857
 3669
 4208
 3738
 3777
 3528
 7526
 9031
 3568
 1679
 3668
 2191
 3114
 4819
 9208
 2079
 7820
 3686
 3013
 2919
 4886
 7147
 2745
 1653
 2721
 9280
 3831
 9925
 5735
 9209
 9857
 1934
 3189
 7479
 3613
 8086
 8880
 1667
 3103
 4386
 1460
 2548
 9306
 2091
 3908
 3261
 2099
 3169
 2575
 4794
 2209
 5958
 3819
 3312
 6905
 5284
 7697
 6232
 2248
 3494
 9905
 7793
 1983
 9236
 1369
 3510
 3170
 8343
 6306
 8247
 8447
 8058
 7229
 2879
 5149
 4455
 3839
 2960
 9724
 4784
 1567
 2112
 2511
 2940
 7471
 8153
 5710
 3070
 4257
 5298
 4212
 7798
 4928
 6794
 9702
 8410
 1935
 2680
 3650
 6098
 3193
 3782
 5216
 5535
 6264
 9876
 6093
 9155
 9505
 6221
 1738
 6131
 3378
 8309
 8706
 1234
 1372
 4369
 5583
 3408
 8169
 4219
 4950
 6457
 8534
 8008
 2734
 4911
 1475
 6102
 5804
 7167
 6034
 5648
 4644
 3461
 1573
 5629
 5678
 7530
 7335
 1927
 1571
 4573
 3997
 4672
 7740
 9583
 3724
 2541
 3761
 8294
 6942
 5689
 5953
 1249
 3151
 6972
 7216
 5135
 8837
 4325
 1303
 8951
 4350
 2711
 8897
 7008
 8274
 1731
 2898
 8100
 4143
 9516
 6380
 9446
 8053
 3543
 8890
 9188
 6850
 9415
 9422
 1499
 6589
 2295
 8393
 7384
 5365
 6189
 6516
 3009
 5375
 9117
 5005
 6922
 4205
 2022
 5720
 7527
 4463
 3059
 6346
 8088
 2283
 7182
 7437
 7395
 9009
 2206
 9333
 4594
 4571
 6623
 2443
 1687
 1614
 1314
 9674
 5200
 7418
 6920
 7330
 3192
 8843
 8346
 8507
 7903
 4673
 1136
 9784
 6226
 4077
 9665
 3870
 5385
 4322
 8950
 1304
 3540
 1516
 8227
 4304
 2792
 1882
 3795
 3038
 5734
 8953
 6765
 3571
 1265
 2562
 6429
 7598
 2136
 5849
 3832
 2750
 6851
 5094
 6335
 9703
 4226
 8815
 3144
 8158
 5092
 1131
 3524
 5696
 2743
 3553
 7399
 9725
 6334
 9342
 8482
 6237
 4686
 2679
 7686
 7274
 1545
 2448
 3402
 7517
 4659
 5523
 3575
 9447
 1855
 7161
 9278
 5846
 1055
 3766
 5319
 4306
 8421
 1485
 7209
 8685
 7228
 2555
 1923
 6780
 7130
 6236
 5563
 4969
 9103
 6957
 4907
 1599
 8198
 8448
 4536
 5885
 4507
 6234
 7945
 2156
 3578
 6382
 5039
 6549
 7118
 6493
 3323
 3376
 2826
 9805
 8927
 2935
 3588
 8994
 9358
 4181
 9841
 6022
 1735
 4692
 5420
 1396
 8339
 3937
 2286
 2027
 5170
 3224
 5639
 2706
 7293
 5247
 6124
 7641
 3694
 3747
 5610
 3101
 4597
 8289
 6553
 7375
 7455
 2088
 1127
 7481
 6599
 2217
 4333
 2422
 2054
 9244
 1660
 9305
 1433
 4305
 9189
 3345
 5199
 1185
 3949
 7719
 8246
 5335
 1677
 6793
 6707
 7683
 5301
 4281
 8174
 1630
 4266
 2178
 4203
 1512
 3993
 2970
 2647
 2830
 4957
 4847
 5282
 9253
 4242
 5167
 4319
 9277
 5277
 1021
 8479
 8589
 6002
 6409
 9931
 9349
 8726
 8514
 1532
 7670
 9756
 4367
 8715
 4578
 4029
 2219
 7599
 8552
 7439
 9527
 5443
 2256
 1095
 8250
 2832
 3699
 1538
 2938
 1399
 3326
 9849
 6682
 9044
 5290
 3642
 2953
 4383
 3502
 8192
 6888
 5789
 3469
 1212
 8901
 4498
 9712
 7899
 7175
 2378
 6153
 4090
 7449
 4871
 4117
 1694
 4128
 2048
 5515
 9662
 4625
 4198
 7224
 4696
 3044
 9818
 7856
 9670
 5597
 3400
 7538
 3453
 3474
 3091
 1097
 8220
 5540
 5683
 9807
 3350
 5975
 5129
 8241
 7412
 9875
 9242
 2157
 6285
 9747
 9982
 1683
 4663
 3647
 5260
 9150
 1150
 5869
 4976
 1129
 5684
 7822
 8113
 4577
 6271
 3039
 1605
 4011
 2229
 5778
 7281
 5774
 7021
 4520
 4082
 1931
 7967
 8275
 9435
 2094
 4102
 8618
 6246
 2906
 2867
 8072
 2980
 3166
 9490
 1469
 2146
 3518
 4175
 7640
 6822
 4344
 9389
 8079
 2925
 4869
 9605
 7259
 9582
 7185
 3501
 1476
 2324
 4763
 5193
 9459
 4345
 1455
 3175
 9439
 5753
 9217
 4576
 7098
 3512
 7872
 4737
 4163
 2246
 9716
 1327
 5243
 5323
 5986
 8362
 8746
 4264
 5049
 1949
 5108
 2261
 8788
 2894
 1872
 3187
 9382
 3882
 9957
 4464
 1376
 4997
 4588
 2005
 8516
 5989
 1551
 5895
 2109
 3452
 9761
 2276
 2068
 6077
 6437
 3238
 8563
 7745
 5186
 2049
 2895
 3182
 5923
 1772
 8255
 2284
 3042
 9929
 7537
 8569
 4980
 6029
 2354
 7882
 4619
 6171
 5116
 1162
 1386
 2017
 4561
 1734
 9866
 4687
 3430
 9427
 4320
 8285
 8984
 6129
 4766
 5918
 7365
 6337
 1323
 1771
 9667
 8391
 4665
 3714
 9580
 9177
 4542
 6626
 4752
 9260
 3561
 8036
 1576
 1363
 3710
 2424
 9696
 1109
 3355
 4332
 9600
 1437
 9411
 5667
 6886
 2546
 4071
 8015
 5413
 8384
 2181
 1749
 6642
 6401
 5143
 3036
 1083
 2152
 9759
 8855
 3377
 7592
 3690
 1834
 9403
 5621
 9287
 7980
 3946
 1584
 7420
 8862
 7136
 6331
 8044
 8828
 2325
 9452
 8133
 6319
 1429
 7705
 6277
 5173
 2626
 1123
 7836
 6529
 1763
 8214
 7989
 2026
 2405
 6987
 1241
 4631
 8495
 4732
 3258
 7265
 4302
 7961
 5793
 1179
 1061
 3379
 3939
 6861
 7461
 8650
 6887
 9663
 3671
 2714
 9008
 8500
 5329
 1015
 9094
 7849
 9086
 3439
 9788
 3601
 5214
 8144
 3595
 4739
 7612
 9499
 3273
 3813
 5056
 7053
 1352
 3301
 4372
 7799
 9572
 5372
 4947
 3681
 4697
 5974
 7104
 5949
 7223
 5171
 4111
 7058
 8002
 9376
 5266
 7817
 6500
 1602
 8744
 1322
 6641
 7356
 8028
 9581
 6011
 4651
 5246
 2299
 7434
 2673
 6195
 6005
 9250
 3934
 5013
 5732
 7201
 4408
 6975
 9074
 2366
 9589
 7102
 4983
 4832
 3428
 2767
 6816
 9723
 2914
 6796
 5256
 7877
 8228
 5865
 9251
 4845
 7301
 3987
 3576
 5398
 5163
 6663
 4243
 6187
 7153
 7369
 2383
 5851
 7691
 7761
 6094
 1196
 2403
 2357
 6508
 4177
 7986
 6344
 4627
 6559
 9069
 1871
 9283
 8797
 8218
 9655
 9800
 5070
 4443
 8906
 5176
 4024
 9437
 3899
 1491
 7753
 1293
 5745
 5680
 9613
 2586
 6680
 1518
 1699
 9410
 7529
 3973
 3587
 5374
 4315
 2918
 3487
 2323
 6791
 2083
 6276
 9594
 1280
 7584
 5545
 1636
 6700
 7111
 3877
 7657
 7029
 7033
 4613
 8905
 1851
 7403
 6182
 3011
 3297
 4967
 9967
 5904
 7868
 5017
 3497
 5582
 1940
 2605
 6140
 1747
 4513
 4186
 8622
 5529
 7778
 7885
 9711
 8732
 7518
 9744
 2093
 9833
 8982
 1180
 4414
 3608
 8386
 9281
 7037
 9492
 3749
 5351
 2600
 4468
 8665
 6619
 1959
 3040
 1465
 7678
 4206
 1592
 7644
 2766
 8782
 6595
 6746
 9401
 5702
 4190
 8188
 7199
 2849
 5055
 5442
 7995
 2429
 4889
 2040
 5897
 8300
 9142
 5168
 7452
 4617
 7887
 3111
 7689
 4100
 8869
 6452
 3186
 7045
 8206
 9822
 6672
 7939
 3387
 2466
 6181
 3612
 5212
 2597
 5996
 7327
 4918
 2671
 7059
 6538
 9630
 5483
 6132
 1266
 2055
 8899
 7918
 6805
 3212
 5591
 8640
 2656
 9966
 2570
 6552
 9962
 5384
 7062
 8876
 7622
 1654
 6282
 9042
 3511
 6870
 1297
 4770
 7231
 7658
 3932
 4416
 3294
 5813
 5519
 2370
 6215
 2576
 3298
 8801
 2900
 1643
 6605
 4861
 5037
 4431
 5911
 4952
 4530
 4232
 9708
 2733
 3570
 2197
 5854
 7556
 2503
 7709
 3034
 4662
 8098
 7685
 5988
 3878
 7489
 4890
 5827
 7466
 2167
 2776
 9037
 1118
 4020
 9951
 6348
 2665
 2785
 6998
 3485
 5100
 1411
 1028
 3310
 1861
 3492
 1409
 4051
 8598
 7602
 4465
 1086
 2664
 6473
 3730
 4688
 7324
 7257
 7619
 4062
 8320
 5576
 2281
 9811
 9310
 9752
 6114
 1973
 5296
 6518
 4626
 7992
 1011
 4060
 4215
 5231
 1084
 6818
 5532
 7951
 7843
 1976
 6379
 7067
 5513
 6688
 7864
 8913
 2153
 7957
 3530
 8915
 9774
 7474
 7165
 3853
 7318
 6258
 2523
 5095
 2143
 4802
 5042
 1880
 7393
 7032
 6063
 3209
 7618
 2920
 2689
 4941
 7248
 3325
 5561
 6090
 9296
 9407
 2885
 1281
 9836
 4630
 2029
 1154
 5578
 7015
 8795
 9434
 2228
 3914
 9827
 7978
 7559
 9362
 4639
 8280
 6782
 5457
 3707
 8323
 9288
 1773
 7954
 2904
 4910
 4150
 3359
 6712
 5543
 9367
 2966
 9741
 3360
 3335
 1918
 6302
 4428
 9913
 8574
 2677
 7803
 4841
 3778
 9976
 7415
 6355
 3168
 9973
 3405
 4956
 8700
 2388
 5750
 1501
 8157
 5288
 8099
 2472
 7693
 5733
 7219
 2610
 1502
 3901
 8327
 3254
 5087
 8194
 3619
 8264
 6722
 3860
 8230
 5410
 2254
 8900
 3862
 5063
 7125
 5838
 3420
 4698
 1846
 6777
 8095
 5863
 6709
 5426
 5119
 8861
 9838
 6834
 7720
 9598
 7034
 4834
 3633
 5488
 2432
 9292
 6172
 9046
 3967
 8954
 4184
 9290
 2098
 9187
 5944
 1698
 3762
 8889
 3620
 6290
 2038
 7202
 2447
 8882
 1865
 7682
 3718
 5502
 4040
 8023
 5840
 1350
 2965
 6274
 7485
 2814
 3498
 9697
 1018
 1504
 2074
 2399
 6670
 6827
 5898
 1125
 4033
 8581
 4771
 4433
 7092
 1486
 3041
 8929
 8866
 6591
 1741
 4556
 3626
 7445
 5332
 2059
 3410
 7875
 2463
 4456
 3829
 7097
 7414
 8360
 6192
 2917
 9510
 7172
 5402
 5083
 2480
 4427
 2654
 4596
 3634
 5262
 8223
 8155
 5324
 4592
 2289
 5233
 5676
 4866
 1912
 8605
 7394
 3234
 2089
 2044
 7932
 3086
 5343
 4195
 3907
 9971
 1832
 8474
 5429
 2356
 4262
 7800
 9677
 4702
 5242
 6635
 6993
 6434
 2969
 7408
 2937
 4816
 6463
 6774
 7846
 8324
 2915
 8366
 2538
 9039
 9472
 1254
 4557
 6305
 3729
 9675
 5496
 9775
 2423
 8934
 5688
 5209
 2828
 7547
 5406
 7200
 1884
 3598
 7168
 9742
 3136
 2338
 2981
 9064
 2416
 2887
 2825
 6299
 5520
 7380
 1395
 2484
 6989
 5489
 6661
 9481
 5848
 2658
 7276
 8779
 8544
 2408
 9109
 9695
 8833
 5002
 4083
 3165
 3748
 4271
 1247
 6735
 4955
 5783
 3470
 1711
 3559
 4148
 6921
 2288
 4016
 6862
 9030
 8077
 1296
 6935
 6278
 2997
 2736
 2498
 2247
 7230
 4162
 7329
 8296
 5191
 1954
 2730
 6938
 5354
 1873
 7124
 2667
 1507
 2193
 3338
 2500
 3403
 1424
 6389
 5510
 2845
 6105
 8931
 9609
 4055
 2302
 2431
 2008
 3007
 1522
 6778
 7668
 1205
 5736
 9661
 9468
 6016
 9507
 9133
 2037
 7496
 7758
 4525
 2057
 7665
 7532
 4387
 1697
 8301
 9399
 8401
 4497
 9334
 8442
 7354
 8349
 8205
 9387
 8607
 7490
 6426
 6070
 1403
 5842
 6949
 1159
 1291
 4621
 9219
 5948
 8956
 4489
 4201
 6720
 8738
 7187
 8104
 8355
 9852
 5784
 2911
 8587
 4809
 8964
 5067
 6015
 7775
 5799
 8437
 4404
 5956
 6629
 5534
 6882
 1228
 9687
 2320
 4703
 8317
 8375
 3269
 7796
 9519
 3866
 7502
 9606
 6180
 5624
 1591
 1997
 7596
 1384
 9977
 3191
 1892
 4722
 7523
 6294
 5229
 7928
 5409
 3527
 4935
 7134
 3508
 6714
 3324
 3493
 7321
 8374
 1549
 1474
 3560
 3223
 3539
 3773
 5208
 3892
 5144
 4521
 3525
 1673
 2380
 5114
 1299
 2183
 9211
 1581
 4981
 1894
 8232
 8140
 5946
 9576
 9856
 7139
 8276
 9101
 8481
 6613
 9620
 2185
 9562
 8585
 6413
 8751
 3418
 5201
 5826
 2319
 5819
 7323
 9936
 8947
 5758
 4003
 9536
 3203
 5876
 1112
 9275
 9240
 2768
 1260
 5809
 1638
 6054
 9371
 7866
 7218
 4447
 4876
 5103
 7661
 9158
 8597
 3204
 7785
 5431
 8739
 4909
 3745
 8372
 2473
 9017
 9140
 9972
 1064
 3119
 4715
 9381
 4170
 1267
 2799
 9344
 8304
 6514
 5913
 2364
 6423
 1138
 3966
 2565
 7848
 4990
 3889
 4728
 2535
 7197
 9891
 6547
 8069
 6178
 9631
 9212
 9385
 3313
 6169
 2275
 4122
 5631
 5175
 2144
 3563
 3372
 8606
 8945
 6152
 5075
 7184
 3673
 4193
 9238
 6719
 3717
 3415
 4915
 1163
 4761
 7346
 8922
 3532
 3802
 9783
 1689
 6008
 2912
 2251
 8923
 5845
 6678
 2271
 6583
 3926
 5361
 4217
 8596
 8653
 4670
 6179
 3854
 2351
 2363
 2929
 9850
 7818
 6555
 4200
 6449
 7708
 9815
 2180
 2688
 5419
 2327
 2381
 2655
 3296
 9767
 2453
 6631
 7176
 4458
 1490
 5016
 7617
 2668
 8504
 1069
 2557
 7261
 4710
 5407
 1245
 8695
 5674
 2868
 1887
 8593
 5393
 1010
 9303
 7426
 2192
 9221
 5217
 6587
 6244
 9233
 6375
 7534
 7052
 7283
 5585
 7105
 9916
 9861
 5032
 5619
 8629
 7085
 9229
 3282
 4299
 4925
 6576
 5254
 2402
 3425
 9123
 1269
 4460
 1843
 9765
 9560
 6488
 2021
 2699
 8266
 1114
 8213
 9391
 2818
 6509
 9698
 8649
 1862
 6729
 9597
 2772
 5050
 9215
 4970
 9210
 1626
 9423
 9802
 6260
 6606
 7289
 2612
 2649
 8215
 7409
 2452
 7782
 7905
 1891
 5035
 7586
 2249
 7268
 6459
 3171
 2746
 4826
 3442
 2278
 7647
 9206
 3183
 4977
 5602
 6513
 3065
 5387
 4949
 8872
 3517
 7095
 1586
 1484
 2751
 7206
 1033
 3614
 2333
 2010
 8756
 1815
 7553
 7270
 1550
 3028
 9205
 8758
 3875
 5566
 7315
 2844
 2250
 4773
 6239
 2113
 2142
 1351
 9062
 4668
 3555
 5501
 8022
 6408
 2177
 2345
 5076
 9543
 3152
 4137
 7934
 2291
 4247
 7790
 6747
 1781
 5137
 4791
 2765
 1330
 9975
 8619
 3994
 2396
 1989
 5461
 4648
 3909
 1634
 6478
 7633
 3810
 8573
 1417
 9418
 2077
 7347
 6907
 3913
 3147
 1714
 5292
 1806
 2435
 7211
 6995
 4064
 9095
 9080
 8697
 5166
 7947
 4792
 5781
 1003
 1554
 3986
 6385
 1134
 1816
 2390
 2521
 3094
 1544
 7634
 6702
 8115
 7366
 8267
 8124
 8298
 2616
 9269
 3424
 2846
 3051
 1758
 6976
 6227
 2951
 4323
 9515
 9091
 8894
 6621
 1062
 8468
 7174
 5669
 8996
 3098
 7494
 4258
 6913
 3340
 3409
 2839
 1222
 3077
 8338
 9959
 9234
 9195
 6933
 2998
 4329
 9061
 6618
 2018
 4136
 8592
 1682
 5146
 2426
 6737
 7810
 9198
 9782
 1808
 9497
 2184
 8714
 3519
 7382
 3799
 8288
 7090
 5993
 5771
 5250
 9341
 4998
 8813
 1141
 1365
 3346
 1790
 4913
 3161
 9819
 6683
 6894
 9937
 2255
 5715
 8541
 9529
 6447
 3871
 8616
 1633
 2587
 1563
 3019
 4719
 1990
 7023
 4917
 1776
 2245
 3460
 5414
 8609
 6857
 5562
 2758
 7454
 7944
 3188
 9463
 3290
 8011
 4157
 5153
 4009
 7909
 2988
 2066
 9513
 3207
 4547
 9860
 3798
 2786
 2831
 8716
 2444
 2031
 5018
 7635
 2921
 2637
 4378
 1302
 7460
 7552
 4636
 4213
 6466
 9704
 9302
 6671
 2563
 3366
 2691
 3807
 1821
 9520
 9440
 6519
 2339
 3173
 3971
 8087
 4227
 6855
 4963
 3364
 7342
 3521
 8433
 1911
 6981
 1414
 8335
 1120
 8859
 6950
 6427
 2888
 9444
 1906
 3328
 1961
 1257
 6681
 5340
 1174
 8546
 6784
 6061
 2425
 6161
 3458
 9825
 5271
 1261
 4231
 3780
 3210
 5889
 4140
 2784
 6446
 3529
 5308
 6391
 9555
 1987
 7734
 7373
 2645
 5453
 6057
 1152
 1754
 4401
 8696
 9477
 7464
 4210
 6772
 3242
 3751
 9464
 2437
 5239
 8292
 1397
 9032
 2963
 7103
 3951
 8693
 1944
 6738
 8818
 7690
 7419
 3164
 1344
 4545
 7470
 2524
 4487
 4717
 4361
 4197
 1277
 3202
 5962
 3433
 8085
 7974
 3916
 2430
 9332
 8269
 9284
 2175
 9365
 9910
 4165
 4374
 5404
 6628
 6036
 1318
 2100
 6802
 4110
 6686
 7376
 2859
 9455
 2760
 1533
 3922
 1102
 4796
 3093
 1606
 6520
 5891
 3623
 2382
 2418
 6756
 3438
 3721
 6454
 9053
 3240
 3125
 1589
 8952
 7137
 6341
 3500
 1909
 1353
 3401
 5192
 6936
 5105
 4707
 8394
 8311
 9500
 5807
 8604
 4579
 1272
 6296
 8730
 5691
 4442
 4669
 4747
 9952
 5727
 8883
 5073
 5941
 3859
 5164
 2613
 5926
 3495
 1824
 5278
 8000
 9853
 7504
 7462
 3969
 5377
 2815
 5401
 1320
 8403
 8438
 2660
 2753
 8258
 2717
 2878
 6300
 7262
 3342
 3728
 6931
 6121
 9659
 9762
 3881
 6352
 3158
 1048
 2813
 6979
 7083
 9634
 6103
 8265
 5161
 1804
 2954
 3176
 3074
 6362
 9454
 9654
 3443
 3088
 2110
 7298
 8456
 6783
 4727
 8167
 3179
 4716
 5405
 3128
 2272
 9994
 5345
 2944
 3769
 4453
 1655
 1915
 2234
 6787
 3657
 4564
 8683
 7417
 2791
 5460
 2482
 1023
 4746
 2672
 5795
 2141
 1830
 2729
 5714
 5394
 6019
 3803
 6985
 8202
 4249
 3944
 9012
 5481
 3809
 5001
 7891
 8060
 2475
 1213
 2166
 4473
 7326
 3329
 2070
 4481
 7813
 5126
 7733
 6324
 3381
 4605
 6961
 3514
 8392
 9098
 6535
 9518
 5054
 2347
 9015
 9871
 8658
 2789
 4887
 3554
 9116
 5814
 4022
 5057
 3638
 5749
 5127
 1632
 9369
 8948
 3358
 4824
 4972
 1649
 3965
 9688
 1305
 4284
 1471
 2959
 7171
 1975
 4860
 2058
 5274
 6419
 8526
 6096
 6838
 2321
 8019
 3155
 1945
 8916
 1046
 8331
 9787
 4793
 4731
 5909
 7569
 4750
 7677
 2525
 1752
 8029
 4452
 7550
 3818
 7919
 3005
 1312
 3321
 9888
 5617
 3980
 1569
 4149
 2709
 2968
 1285
 4962
 8623
 3867
 6775
 1506
 4053
 1059
 4343
 6360
 2061
 5536
 6944
 5342
 6301
 6332
 9352
 4543
 7304
 8123
 9108
 9719
 2132
 5633
 8414
 7112
 8487
 8958
 6568
 5091
 2265
 5844
 4978
 6064
 3838
 5625
 1432
 8042
 7696
 4582
 9633
 1421
 5675
 3082
 2260
 6295
 7930
 9201
 8836
 6573
 5360
 3280
 8515
 6664
 8655
 2907
 6272
 1969
 9348
 5755
 8470
 5967
 9149
 9495
 5763
 9845
 7319
 3104
 8452
 1670
 6842
 5929
 4523
 9701
 3149
 5412
 6701
 8663
 4046
 5435
 2210
 8050
 1204
 9934
 4420
 2124
 7484
 6759
 1561
 9163
 3117
 7922
 5818
 7858
 3448
 1979
 8428
 5820
 2335
 3685
 8632
 1288
 2348
 3293
 1325
 2164
 4848
 4494
 2223
 9052
 2800
 8114
 9727
 3319
 8946
 3989
 1607
 1025
 2240
 1535
 6966
 8287
 9119
 9337
 5472
 9139
 8119
 9731
 6809
 6317
 3891
 1900
 6665
 5822
 2176
 8245
 4499
 6072
 6799
 8557
 9325
 7787
 4032
 1760
 4158
 4901
 6633
 9013
 1955
 9203
 2756
 7916
 6456
 6048
 2090
 7430
 7867
 4293
 6238
 4417
 5156
 3956
 9900
 3073
 2564
 6079
 8806
 5828
 9628
 4272
 9548
 9152
 7998
 3758
 6451
 3572
 6803
 1526
 4438
 4228
 8796
 2793
 3389
 8707
 7757
 7448
 1618
 4444
 9509
 5432
 8466
 3257
 4303
 8492
 2128
 1184
 5609
 8027
 5178
 8532
 4223
 7861
 6393
 1276
 2510
 7012
 1031
 5390
 9680
 9088
 3231
 2304
 1284
 2871
 9798
 7924
 4503
 5713
 2702
 6165
 2252
 6494
 7859
 5389
 5022
 3417
 2019
 2111
 7522
 2039
 9304
 8545
 7243
 9588
 1379
 7962
 4884
 6170
 4999
 5207
 7149
 2108
 7927
 3388
 1874
 2360
 9736
 1383
 8937
 2890
 2932
 1198
 5421
 5672
 5236
 8986
 3032
 3476
 4567
 5466
 6404
 1142
 1161
 5259
 2085
 3643
 5903
 3941
 1347
 5622
 8810
 5423
 5902
 4159
 5353
 9323
 7495
 3617
 5599
 3783
 9865
 6173
 7286
 9997
 7528
 2476
 4755
 2676
 8461
 9154
 7188
 4896
 1040
 4772
 1794
 7115
 5812
 9175
 3808
 7310
 4440
 5359
 6615
 7431
 5226
 4655
 4516
 9991
 5751
 9168
 8237
 5588
 2509
 2516
 9898
 2835
 4376
 2829
 4253
 8105
 8567
 7888
 9301
 8064
 7024
 7093
 8670
 4965
 3012
 8179
 9496
 7108
 8745
 9457
 8344
 5328
 7385
 2924
 6345
 3374
 2488
 6349
 8841
 2872
 1831
 6343
 2483
 1295
 6125
 2855
 9220
 5516
 5832
 5752
 2687
 5673
 7842
 2438
 9748
 1950
 1789
 8580
 9858
 9145
 7520
 4365
 2045
 7806
 3976
 5782
 1410
 2630
 2105
 5569
 7099
 9132
 3675
 2607
 1224
 1759
 4973
 7531
 5990
 5350
 2331
 8512
 7162
 7648
 4733
 1542
 4290
 2329
 7379
 2860
 8924
 3229
 2840
 4127
 2838
 6256
 7158
 8370
 9990
 9482
 4278
 1370
 1916
 3624
 3961
 3924
 2303
 5905
 8970
 1553
 4924
 3232
 1725
 4667
 4570
 2726
 4646
 2041
 3163
 2419
 5286
 9886
 6841
 6197
 8135
 2916
 6878
 4859
 3160
 4500
 9958
 5952
 2991
 3208
 9066
 3977
 3644
 2787
 1558
 4504
 3006
 1708
 3566
 3823
 9855
 4091
 6154
 5666
 2834
 3344
 9113
 1621
 8411
 1850
 5400
 4478
 7533
 3143
 2632
 7763
 7447
 6557
 7018
 1593
 6112
 2076
 3520
 3159
 1041
 3731
 2618
 2122
 7777
 1442
 8312
 9493
 2409
 1860
 3852
 6571
 1355
 7938
 9186
 4996
 1371
 4125
 2296
 3133
 9058
 4572
 6270
 2534
 8850
 1313
 7155
 4601
 8046
 8387
 1844
 1978
 2873
 1019
 4049
 7560
 9487
 5646
 4825
 8065
 3848
 9285
 5931
 9402
 7159
 5062
 2201
 3052
 8768
 4538
 2892
 4787
 7249
 2579
 8799
 4156
 8831
 7463
 5150
 9915
 9832
 3126
 1991
 3968
 9068
 7973
 3701
 3821
 5222
 8197
 5866
 6455
 2994
 5640
 4738
 9112
 9549
 5026
 3754
 3434
 5120
 2622
 1252
 4041
 7997
 4434
 9231
 2990
 5719
 3216
 5397
 3672
 3132
 3106
 6918
 6958
 3266
 4370
 3548
 7512
 6464
 3680
 9750
 3930
 3609
 2897
 4112
 8195
 2377
 6158
 3687
 2126
 1907
 8764
 4723
 9075
 1071
 9899
 6540
 7297
 8257
 2092
 9199
 9681
 9485
 6650
 1463
 9797
 9587
 7768
 6581
 8543
 9863
 7606
 7423
 4294
 7046
 9983
 4616
 2566
 9629
 2551
 4515
 2464
 5775
 4565
 3564
 6602
 3071
 4583
 6865
 3509
 9264
 1616
 7377
 9479
 1700
 5088
 8450
 8830
 1620
 3683
 8041
 7524
 8630
 7963
 7151
 5158
 7238
 1695
 3067
 8540
 3695
 9918
 1761
 5590
 1939
 7057
 3843
 4389
 8219
 6414
 3516
 7251
 9118
 5968
 8533
 2211
 5650
 1220
 5971
 7372
 7292
 6914
 4840
 6611
 5663
 8572
 2952
 4942
 6724
 6336
 9801
 4610
 4653
 6138
 4789
 5133
 2639
 7738
 1022
 3827
 6130
 8907
 8578
 8090
 5538
 6216
 8600
 5441
 7853
 6018
 6219
 6847
 3920
 3545
 6327
 4307
 7247
 3536
 4660
 6617
 3055
 6084
 7781
 5117
 1428
 7605
 7896
 8584
 1258
 4488
 6431
 7288
 6955
 9413
 3097
 5884
 1005
 1671
 8752
 9384
 3722
 1827
 1736
 8754
 4548
 8904
 4339
 2854
 6954
 5228
 5029
 8793
 7642
 9300
 7788
 5206
 2686
 9909
 5528
 9409
 7378
 8229
 1657
 5069
 4273
 9473
 5080
 4919
 5125
 8588
 8409
 3982
 2287
 2101
 3915
 3245
 4357
 9641
 9097
 5131
 7765
 9218
 8379
 4643
 1242
 9544
 1360
 2391
 5756
 5356
 4960
 6673
 9165
 3436
 7100
 4088
 7339
 4658
 5806
 2258
 4511
 2198
 3465
 4671
 4178
 4898
 6183
 4491
 3331
 7681
 9450
 8930
 7565
 4987
 4104
 2678
 1615
 9839
 9603
 3703
 8337
 5364
 6614
 9889
 1027
 2778
 2596
 5221
 3591
 2540
 9884
 4529
 8253
 1664
 9826
 5704
 7396
 8418
 1135
 7164
 4921
 5575
 6283
 2549
 2870
 6542
 9314
 2173
 6531
 8170
 5537
 5976
 4028
 4527
 4012
 8667
 9927
 1089
 4730
 8635
 1094
 4405
 9351
 6835
 9635
 5061
 4974
 8033
 6078
 1998
 9222
 4355
 6829
 8148
 7566
 5738
 1087
 8772
 1357
 2957
 4480
 9111
 3770
 6420
 9225
 9153
 5449
 4926
 3535
 8530
 7991
 2151
 6970
 2989
 1505
 9157
 1867
 9917
 7869
 7284
 5991
 5932
 2797
 9790
 6368
 2512
 4526
 8429
 9691
 4296
 7488
 3481
 6877
 2972
 3251
 7150
 6117
 2795
 6261
 7624
 2025
 7692
 5077
 1786
 4375
 7603
 2222
 4439
 3959
 5553
 5040
 9055
 8661
 1058
 4080
 3090
 3146
 5894
 9005
 8217
 5185
 6889
 2923
 1275
 6184
 7065
 2220
 3689
 3279
 2646
 4451
 4380
 5636
 3017
 7331
 3080
 8522
 9100
 2117
 3666
 6292
 2819
 2798
 5711
 9156
 8851
 5280
 7837
 5776
 9601
 5698
 8648
 9877
 6230
 6441
 6544
 3594
 1056
 5557
 7308
 8333
 3062
 8231
 6040
 2522
 3048
 2161
 7773
 6510
 5901
 5482
 3894
 7876
 7007
 9804
 8852
 5792
 9896
 9556
 2133
 1547
 3804
 7241
 6994
 3315
 2343
 6762
 8180
 7680
 4795
 8949
 7353
 8523
 2552
 7716
 2479
 1232
 1116
 3551
 7191
 2617
 1812
 6860
 7712
 7845
 4466
 4620
 1837
 1156
 3735
 8688
 5803
 1244
 1635
 7546
 8943
 1170
 9887
 6003
 8615
 5031
 8399
 3219
 7180
 5508
 4373
 4363
 4327
 3660
 7386
 5241
 9343
 3102
 5090
 5194
 9592
 2309
 1148
 1723
 8857
 8172
 1663
 5382
 5141
 9230
 6087
 6859
 6833
 1441
 5430
 5027
 1793
 9028
 6310
 5205
 7519
 5184
 3068
 9672
 8402
 1450
 4288
 4923
 1082
 9036
 5045
 4902
 1893
 6692
 7126
 4461
 8068
 1517
 2273
 8669
 3427
 9817
 2748
 7311
 7921
 8971
 9295
 7086
 7088
 7068
 7005
 9760
 9754
 8121
 1449
 8439
 7089
 9694
 5787
 2614
 4171
 1401
 9474
 9622
 6453
 9184